[ 23.         128.         178.           0.62972999]
[ 30.         211.         239.           0.39741001]
[ 39.         240.         249.           0.28641999]
[  3.         345.         367.           0.38767001]
[ 29.         367.         382.           0.50455999]
[3.30000000e+01 3.83000000e+02 3.98000000e+02 1.96759999e-01]
[4.50000000e+01 3.98000000e+02 4.03000000e+02 2.81010002e-01]
[ 38.         549.         637.           0.80988002]
[4.00000000e+00 8.22000000e+02 9.64000000e+02 6.47119999e-01]
[7.00000000e+00 1.11200000e+03 1.16400000e+03 6.01260006e-01]
[2.40000000e+01 1.32500000e+03 1.42800000e+03 6.56520009e-01]
[3.40000000e+01 1.57400000e+03 1.60400000e+03 8.12129974e-01]
[3.50000000e+01 1.76400000e+03 1.79000000e+03 6.73110008e-01]
[2.40000000e+01 2.21000000e+03 2.33300000e+03 5.52209973e-01]
[3.60000000e+01 2.66100000e+03 2.71900000e+03 6.21749997e-01]
[4.7000000e+01 2.9200000e+03 3.0020000e+03 5.5892998e-01]
[5.10000000e+01 3.13800000e+03 3.28400000e+03 9.41280007e-01]
[1.60000000e+01 3.44600000e+03 3.52800000e+03 8.61280024e-01]
[5.20000000e+01 3.76500000e+03 3.85300000e+03 4.69020009e-01]
[4.7000000e+01 3.8530000e+03 3.8710000e+03 5.0523001e-01]
[5.20000000e+01 3.87200000e+03 3.88100000e+03 3.36369991e-01]
[5.00000000e+00 4.02200000e+03 4.11900000e+03 7.16750026e-01]
[2.60000000e+01 4.23600000e+03 4.34400000e+03 8.60520005e-01]
[3.30000000e+01 4.45600000e+03 4.49100000e+03 6.52350008e-01]
[2.10000000e+01 4.49100000e+03 4.54100000e+03 4.00869995e-01]
[4.60000000e+01 4.54200000e+03 4.56000000e+03 2.84859985e-01]
[3.30000000e+01 4.56000000e+03 4.56300000e+03 2.47419998e-01]
[2.30000000e+01 4.72000000e+03 4.74600000e+03 4.35739994e-01]
[3.40000000e+01 4.74700000e+03 4.75200000e+03 2.70500004e-01]
[4.30000000e+01 4.75300000e+03 4.81300000e+03 3.60810012e-01]
[2.30000000e+01 4.81300000e+03 4.86300000e+03 6.82150006e-01]
[1.60000000e+01 4.97500000e+03 5.00500000e+03 4.27859992e-01]
[1.80000000e+01 5.00500000e+03 5.05900000e+03 7.20099986e-01]
[3.10000000e+01 5.21700000e+03 5.23000000e+03 2.58509994e-01]
[1.10000000e+01 5.23000000e+03 5.25000000e+03 3.53399992e-01]
[4.10000000e+01 5.25100000e+03 5.37400000e+03 5.57879984e-01]
[3.10000000e+01 5.37500000e+03 5.37800000e+03 1.60779998e-01]
[1.10000000e+01 5.37800000e+03 5.38300000e+03 1.99900001e-01]
