[ 23.         127.         196.           0.76289999]
[ 21.         198.         256.           0.30461001]
[ 29.         340.         413.           0.85303003]
[ 38.         554.         640.           0.90618998]
[4.90000000e+01 6.60000000e+02 6.75000000e+02 5.18140018e-01]
[4.0000000e+00 8.1900000e+02 9.5200000e+02 9.5122999e-01]
[3.00000000e+00 9.52000000e+02 9.63000000e+02 6.71469986e-01]
[7.00000000e+00 1.10700000e+03 1.17200000e+03 9.03460026e-01]
[8.00000000e+00 1.32100000e+03 1.36000000e+03 7.07700014e-01]
[2.40000000e+01 1.36100000e+03 1.39600000e+03 7.63040006e-01]
[8.00000000e+00 1.39600000e+03 1.42600000e+03 4.99779999e-01]
[3.20000000e+01 1.42800000e+03 1.43900000e+03 3.32590014e-01]
[3.40000000e+01 1.56900000e+03 1.60400000e+03 9.34660017e-01]
[3.50000000e+01 1.76800000e+03 1.79000000e+03 8.89360011e-01]
[3.20000000e+01 2.19800000e+03 2.20700000e+03 4.16669995e-01]
[2.40000000e+01 2.20900000e+03 2.34900000e+03 8.47299993e-01]
[3.60000000e+01 2.65300000e+03 2.71300000e+03 9.39710021e-01]
[5.20000000e+01 2.92200000e+03 2.96700000e+03 6.16209984e-01]
[4.7000e+01 2.9680e+03 3.0030e+03 6.4598e-01]
[5.10000000e+01 3.13800000e+03 3.28800000e+03 9.85599995e-01]
[1.60000000e+01 3.44700000e+03 3.53300000e+03 9.42809999e-01]
[5.20000000e+01 3.76400000e+03 3.89700000e+03 9.15579975e-01]
[5.00000000e+00 4.01900000e+03 4.12400000e+03 9.64070022e-01]
[2.60000000e+01 4.23400000e+03 4.35200000e+03 9.47600007e-01]
[3.30000000e+01 4.45900000e+03 4.49800000e+03 8.75899971e-01]
[2.10000000e+01 4.49800000e+03 4.55000000e+03 6.54460013e-01]
[3.30000000e+01 4.55100000e+03 4.56400000e+03 5.80049992e-01]
[2.00000000e+00 4.71800000e+03 4.75500000e+03 5.19999981e-01]
[4.30000000e+01 4.75500000e+03 4.81800000e+03 6.97430015e-01]
[2.00000000e+00 4.81900000e+03 4.85600000e+03 6.90819979e-01]
[2.3000000e+01 4.8560000e+03 4.8690000e+03 7.2615999e-01]
[1.80000000e+01 4.97100000e+03 5.06600000e+03 8.94469976e-01]
[4.10000000e+01 5.21100000e+03 5.38500000e+03 7.57149994e-01]
[3.10000000e+01 5.38500000e+03 5.40000000e+03 5.39759994e-01]
