[ 23.         127.         172.           0.68159002]
[ 44.         202.         250.           0.43235001]
[3.00000000e+00 3.36000000e+02 3.58000000e+02 2.57809997e-01]
[ 29.         360.         380.           0.51384002]
[4.6000000e+01 3.9500000e+02 4.0000000e+02 2.9903999e-01]
[ 38.         553.         643.           0.84174001]
[4.00000000e+00 8.22000000e+02 9.60000000e+02 6.83700025e-01]
[7.00000000e+00 1.10600000e+03 1.16600000e+03 6.07559979e-01]
[8.00000000e+00 1.32300000e+03 1.33800000e+03 2.64349997e-01]
[2.40000000e+01 1.33900000e+03 1.42900000e+03 7.36129999e-01]
[3.4000000e+01 1.5700000e+03 1.6030000e+03 8.7304002e-01]
[3.50000000e+01 1.76800000e+03 1.77900000e+03 5.01919985e-01]
[2.40000000e+01 2.20300000e+03 2.33400000e+03 4.32440013e-01]
[2.10000000e+01 2.33400000e+03 2.33900000e+03 1.98210001e-01]
[7.00000000e+00 2.33900000e+03 2.34600000e+03 2.33469993e-01]
[3.60000000e+01 2.66100000e+03 2.70900000e+03 5.05689979e-01]
[5.2000000e+01 2.9190000e+03 2.9300000e+03 3.3623001e-01]
[4.70000000e+01 2.93000000e+03 2.99000000e+03 5.52770019e-01]
[5.10000000e+01 3.13600000e+03 3.28600000e+03 9.50869977e-01]
[1.6000000e+01 3.4470000e+03 3.5290000e+03 9.3167001e-01]
[5.20000000e+01 3.76500000e+03 3.87900000e+03 6.70210004e-01]
[5.00000000e+00 4.02000000e+03 4.12100000e+03 8.11119974e-01]
[2.6000000e+01 4.2350000e+03 4.3400000e+03 6.9283998e-01]
[3.30000000e+01 4.45900000e+03 4.48900000e+03 4.67819989e-01]
[2.10000000e+01 4.49100000e+03 4.53600000e+03 3.25280011e-01]
[3.30000000e+01 4.53700000e+03 4.56100000e+03 3.71950001e-01]
[2.30000000e+01 4.72300000e+03 4.75600000e+03 4.88279998e-01]
[4.30000000e+01 4.79200000e+03 4.80500000e+03 4.07330006e-01]
[2.00000000e+00 4.82500000e+03 4.86400000e+03 4.98670012e-01]
[1.80000000e+01 4.97700000e+03 5.06100000e+03 8.83019984e-01]
[1.10000000e+01 5.21800000e+03 5.24800000e+03 1.73590004e-01]
[3.10000000e+01 5.24800000e+03 5.34300000e+03 4.55599993e-01]
[4.10000000e+01 5.34400000e+03 5.37000000e+03 5.37609994e-01]
[3.10000000e+01 5.37000000e+03 5.38300000e+03 2.92380005e-01]
